high,medium,low,listing_id
0.852,0.115,0.033,7137593
0.298,0.684,0.018,6962391
0.926,0.061,0.013,6820764
0.247,0.74,0.013,6816377
0.882,0.091,0.027,7092829
0.994,0.005,0.001,6999041
0.804,0.163,0.033,6931856
0.948,0.04,0.012,6917207
0.95,0.022,0.028,7082985
0.925,0.068,0.007,7212927
0.9,0.089,0.011,7157654
0.219,0.114,0.667,7019006
0.99,0.008,0.002,7202968
0.82,0.145,0.035,7091162
0.163,0.167,0.67,6981884
0.965,0.032,0.003,6821903
0.946,0.042,0.012,6999378
0.991,0.008,0.001,6969116
0.967,0.025,0.008,6902538
0.758,0.205,0.037,7078582
0.924,0.067,0.009,6957436
0.981,0.017,0.002,7037490
0.825,0.125,0.05,6877446
0.244,0.709,0.047,6837446
0.244,0.11566666666666667,0.6403333333333334,7160873
0.988,0.012,0.0,7041060
0.986,0.01,0.004,7167919
0.901,0.088,0.011,6839030
0.1385,0.8165,0.045,6851366
0.089,0.128,0.783,6834421
0.2306666666666667,0.731,0.03833333333333333,7121127
0.93,0.063,0.007,7131910
0.95,0.042,0.008,7154477
0.129,0.757,0.114,6880253
0.956,0.041,0.003,7110652
0.088,0.11485,0.79715,7188135
0.04,0.076,0.884,6817033
0.187,0.7794166666666666,0.033583333333333326,7157891
0.976,0.021,0.003,6966266
0.135,0.22,0.645,6883827
0.044666666666666674,0.198,0.7573333333333334,6898428
0.937,0.061,0.002,7207467
0.815,0.18125,0.00375,7224180
0.895,0.082,0.023,6890961
0.882,0.096,0.022,7159752
0.968,0.027,0.005,6861975
0.975,0.015,0.01,6972586
0.916,0.058,0.026,6964838
0.958,0.028,0.014,6874754
0.252,0.737,0.011,7047626
0.9165,0.0705,0.013,6956757
0.158,0.76,0.082,6874570
0.9696666666666668,0.027333333333333334,0.003,7048980
0.982,0.014,0.004,7030241
0.925,0.059,0.016,7030928
0.942,0.05,0.008,7057999
0.122,0.135,0.743,6975563
0.975,0.02,0.005,7089954
0.997,0.002,0.001,7200119
0.95,0.04116666666666667,0.008833333333333334,7127305
0.998,0.002,0.0,7106684
0.8286666666666667,0.146,0.025333333333333333,7233095
0.123,0.108,0.769,7102661
0.892,0.096,0.012,6885769
0.885,0.093,0.022,6867955
0.911,0.082,0.007,7239708
0.029,0.84,0.131,6919760
0.989,0.01,0.001,7004610
1.0,0.0,0.0,6827697
0.833,0.153,0.014,7214206
0.956,0.042,0.002,6831260
0.971,0.026,0.003,7127067
0.999,0.001,0.0,7096158
0.968,0.019,0.013,6853465
0.162,0.785,0.053,7129661
0.996,0.004,0.0,6951988
0.957,0.036,0.007,6906972
0.15,0.77,0.08,7168270
0.985,0.01,0.005,6850683
0.989,0.009,0.002,6955899
0.128,0.787,0.085,7094008
0.984,0.014,0.002,6921047
0.228,0.1225,0.6495,7181786
0.083,0.121,0.796,7127643
0.048,0.127,0.825,6818565
0.862,0.107,0.031,6825499
0.967,0.025,0.008,6995823
0.989,0.011,0.0,6935092
0.128,0.805,0.067,6917750
0.992,0.005,0.003,6985255
0.989,0.008,0.003,7641397
0.258,0.73,0.012,6852613
0.28,0.687,0.033,7051735
0.068,0.154,0.778,7030711
0.916,0.079,0.005,7224358
0.154,0.789,0.057,7181503
0.0745,0.7165,0.209,7025543
0.770104761904762,0.0625,0.16739523809523807,6879634
0.951,0.045,0.004,7123761
0.28833333333333333,0.6996666666666667,0.012,7197480
0.202,0.773,0.025,6971577
0.108,0.174,0.718,7127501
0.047,0.861,0.092,6913249
0.8415,0.1245,0.034,7641535
0.943,0.048,0.009,7004621
0.943,0.049,0.008,7052315
0.976,0.024,0.0,6961651
0.962,0.033,0.005,7030196
0.868,0.118,0.014,6957027
0.959,0.032,0.009,6814952
0.139,0.1093666666666667,0.7516333333333335,6922251
0.89,0.092,0.018,6897930
0.05333333333333333,0.162,0.7846666666666667,7049631
0.207,0.7146666666666668,0.07833333333333334,6859517
0.88,0.099,0.021,6968536
0.15566666666666665,0.7893333333333333,0.055,7026249
0.1005,0.173,0.7265,7030401
0.872,0.103,0.025,7155687
0.995,0.004,0.001,6854549
0.839,0.155,0.006,7002665
0.924,0.054,0.022,7022998
0.935,0.058,0.007,6908818
0.851,0.124,0.025,7173989
0.968,0.03,0.002,7023402
0.926,0.065,0.009,6945906
0.96,0.025,0.015,7232484
0.98,0.018,0.002,7078085
0.994,0.005,0.001,6857674
0.97,0.025,0.005,7009579
0.154,0.817,0.029,7031615
0.997,0.002,0.001,6954796
0.117,0.162,0.721,6877298
0.977,0.023,0.0,7187826
0.949,0.041,0.01,7414316
0.28,0.71,0.01,7204094
0.97,0.023,0.007,7059049
0.946,0.051,0.003,7058086
0.273,0.708,0.019,6994609
0.962,0.034,0.004,7046837
0.242,0.085,0.673,6874479
0.793,0.137,0.07,7102957
0.228,0.733,0.039,7175251
0.206,0.75225,0.04175,7232859
0.915,0.071,0.014,7151271
0.903,0.087,0.01,7132372
0.941,0.048,0.011,7118475
0.949,0.039,0.012,7076112
0.998,0.001,0.001,7117130
0.084,0.232,0.684,7060977
0.951,0.044,0.005,6935502
0.998,0.002,0.0,7046939
0.991,0.007,0.002,7191408
0.987,0.011,0.002,7151304
0.9,0.098,0.002,6960546
0.996,0.004,0.0,6885110
0.875,0.106,0.019,7160673
0.857,0.107,0.036,7021344
0.132,0.845,0.023,6932777
0.9563333333333334,0.041666666666666664,0.002,7091995
0.841,0.095,0.064,7011678
0.873,0.118,0.009,7142461
0.809,0.162,0.029,7092078
0.839,0.139,0.022,6988289
0.863,0.12,0.017,7103672
0.987,0.013,0.0,7004955
1.0,0.0,0.0,7199651
0.192,0.78,0.028,6869023
0.906,0.077,0.017,6960817
0.998,0.002,0.0,7111336
0.993,0.007,0.0,7077646
0.789,0.124,0.087,7142920
0.98,0.019,0.001,6930691
0.133,0.159,0.708,7041277
0.927,0.057,0.016,7076388
0.971,0.026,0.003,7016770
0.169,0.783,0.048,6875761
0.344,0.653,0.003,6911363
0.995,0.005,0.0,7013115
0.979,0.016,0.005,7095209
0.996,0.004,0.0,6992387
0.215,0.775,0.01,7115412
0.845,0.119,0.036,7076399
0.995,0.005,0.0,6812786
0.092,0.7105,0.1975,7092819
0.931,0.059,0.01,7051567
0.7715,0.1265,0.102,7033892
0.967,0.032,0.001,6842006
0.994,0.006,0.0,6924548
0.952,0.041,0.007,7132090
0.991,0.009,0.0,6819608
0.283,0.713,0.004,7160013
0.962,0.034,0.004,7028739
0.868,0.096,0.036,7173899
0.12,0.13,0.75,6938186
0.991,0.006,0.003,6903786
0.764,0.211,0.025,7159702
0.951,0.042,0.007,6812759
0.91,0.084,0.006,7052783
0.984,0.013,0.003,6871383
0.985,0.012,0.003,7042514
0.995,0.005,0.0,6998407
0.937,0.057,0.006,6974732
0.98,0.019,0.001,6871528
0.894,0.087,0.019,6886688
0.07,0.737,0.193,6923125
0.282,0.704,0.014,6952452
0.113,0.187,0.7,7111210
0.297,0.699,0.004,6824009
0.179,0.755,0.066,6901494
0.988,0.011,0.001,6909668
0.889,0.081,0.03,6969228
0.16875,0.778,0.05325,6910959
0.814,0.161,0.025,7028261
0.995,0.005,0.0,6924675
0.9536666666666667,0.04533333333333334,0.001,6821129
0.992,0.008,0.0,6998148
0.9565,0.0355,0.008,7230895
0.969,0.029,0.002,6924176
0.919,0.062,0.019,6925237
0.985,0.014,0.001,7005919
0.17625,0.752,0.07175,6947757
0.101,0.165,0.734,6876327
0.994,0.004,0.002,7100745
0.903,0.088,0.009,6826996
0.959,0.033,0.008,7011200
0.203,0.097,0.7,6840838
0.863,0.118,0.019,7109479
0.966,0.023,0.011,7162994
0.86,0.122,0.018,7028988
0.871,0.124,0.005,7079710
0.68,0.233,0.087,6875322
0.9,0.07,0.03,7133359
0.099,0.826,0.075,7193003
0.9555,0.0395,0.005,7055600
0.785,0.207,0.008,6932611
0.344,0.654,0.002,7168116
0.971,0.028,0.001,6924200
0.241,0.742,0.017,7044684
0.984,0.016,0.0,6897965
0.072,0.886,0.042,7230670
0.862,0.114,0.024,6968519
0.999,0.001,0.0,6977626
0.926,0.064,0.01,7224499
0.993,0.006,0.001,7027780
0.817,0.166,0.017,6991339
0.937,0.055,0.008,7144265
0.1726666666666667,0.771,0.056333333333333326,7002179
0.976,0.014,0.01,6882750
0.203,0.786,0.011,6978423
0.974,0.024,0.002,6855154
0.254,0.737,0.009,6881642
0.979,0.018,0.003,7219100
0.208,0.134,0.658,6992083
0.996,0.004,0.0,7220501
0.858,0.112,0.03,7200985
0.977,0.021,0.002,7135976
0.864,0.123,0.013,6885800
0.234,0.736,0.03,7127394
0.914,0.079,0.007,7162951
0.997,0.003,0.0,7163414
0.884,0.097,0.019,6929508
0.987,0.008,0.005,6837514
0.097,0.833,0.07,6973164
0.712,0.272,0.016,7021894
0.922,0.06266666666666668,0.015333333333333332,6975460
0.15,0.769,0.081,6825710
0.873,0.107,0.02,6869164
0.943,0.041,0.016,7000709
0.983,0.017,0.0,6846784
0.175,0.794,0.031,7010885
0.186,0.748,0.066,6959186
0.935,0.054,0.011,6946265
0.05982142857142856,0.904,0.03617857142857143,6925651
0.159,0.803,0.038,7058048
0.968,0.026,0.006,6818978
0.981,0.017,0.002,6880761
0.06,0.2565,0.6835,7173414
0.978,0.021,0.001,7214412
0.729,0.10222222222222223,0.16877777777777778,6991211
0.203,0.748,0.049,7045373
0.973,0.02,0.007,7186621
0.978,0.018,0.004,7048517
0.143,0.8143333333333332,0.04266666666666667,7170361
0.812,0.171,0.017,7223398
0.138,0.833,0.029,7092203
0.841,0.114,0.045,7195645
0.775,0.178,0.047,6913074
0.959,0.036,0.005,6972309
0.999,0.001,0.0,6973631
0.164,0.806,0.03,7126476
0.228,0.733,0.039,6934387
0.955,0.045,0.0,7115598
0.994,0.006,0.0,7015013
0.011,0.963,0.026,7076929
0.9405,0.048,0.0115,7022728
0.872,0.11,0.018,6910927
0.109,0.109,0.782,6878427
0.98,0.018,0.002,6864085
0.994,0.005,0.001,7215028
0.928,0.059,0.013,6969890
0.966,0.03,0.004,7164661
0.982,0.015,0.003,6827728
0.969,0.025,0.006,6932893
0.8803333333333334,0.09466666666666668,0.025,7022798
0.91,0.059,0.031,7224280
0.897,0.083,0.02,7029426
0.942,0.049,0.009,7205534
0.969,0.029,0.002,7061722
0.993,0.007,0.0,7035539
0.875,0.107,0.018,6959285
0.979,0.019,0.002,7095856
0.185,0.122,0.693,7116706
0.922,0.069,0.009,6879488
0.976,0.0165,0.0075,6887263
0.764,0.178,0.058,7061297
0.901,0.081,0.018,7197684
0.22,0.715,0.065,6971230
0.954,0.037,0.009,7172921
0.136,0.819,0.045,7052627
0.888,0.097,0.015,6941142
0.946,0.05,0.004,7214548
0.176,0.769,0.055,6933652
0.064,0.197,0.739,7079794
0.95,0.034,0.016,7221812
0.991,0.007,0.002,7053062
0.2505,0.726,0.0235,7208237
0.292,0.701,0.007,7004709
0.9646666666666668,0.028333333333333335,0.007,7224008
0.229,0.761,0.01,7028162
0.23566666666666666,0.7453333333333334,0.019,6815494
0.12575,0.20625,0.668,7091121
0.202,0.791,0.007,7115439
0.997,0.003,0.0,7002020
0.901,0.077,0.022,7026127
0.227,0.763,0.01,6879504
0.258,0.728,0.014,7218421
0.841,0.136,0.023,7099312
0.9443333333333334,0.05366666666666667,0.002,6964070
0.0665,0.1385,0.795,6960743
0.978,0.018,0.004,7220505
0.9646666666666667,0.02783333333333333,0.0075,6979657
0.932,0.051,0.017,6888417
0.1456666666666667,0.22133333333333335,0.633,7170045
0.995,0.005,0.0,6836305
0.82,0.16,0.02,6893223
0.815,0.12,0.065,7117023
0.109,0.221,0.67,7033221
0.909,0.08,0.011,7168954
0.966,0.022,0.012,7128076
0.948,0.05,0.002,6899024
0.721,0.221,0.058,7205556
0.168,0.783,0.049,7149520
0.99,0.01,0.0,6951997
0.103,0.818,0.079,6974873
0.906,0.082,0.012,7204372
0.966,0.025,0.009,6929364
0.032,0.045,0.923,6825719
0.993,0.006,0.001,6900466
0.164,0.131,0.705,6885742
0.955,0.04,0.005,7145876
0.8695,0.11,0.0205,7214639
0.076,0.8806666666666667,0.043333333333333335,7092694
0.6955,0.297,0.0075,7033663
0.895,0.09,0.015,6876207
0.987,0.012,0.001,7108266
0.984,0.015,0.001,6954751
0.909,0.082,0.009,7097639
0.117,0.127,0.756,6994615
0.955,0.042,0.003,7064527
0.88,0.107,0.013,7156760
0.91,0.076,0.014,7229627
0.2845,0.7075,0.008,6935719
0.28833333333333333,0.7046666666666667,0.007,7162645
0.129,0.852,0.019,6879056
0.914,0.076,0.01,7048589
0.982,0.014,0.004,6994375
0.132,0.15,0.718,7157065
0.9576666666666668,0.034333333333333334,0.008,7095922
0.9016666666666666,0.093,0.005333333333333333,7207931
0.214,0.773,0.013,7156568
0.125,0.804,0.071,6852746
0.987,0.013,0.0,6982605
0.843,0.119,0.038,6825120
0.099,0.849,0.052,6916033
0.897,0.085,0.018,6865667
0.978,0.019,0.003,7050347
0.881,0.106,0.013,7175727
0.986,0.011,0.003,7103909
0.936,0.056,0.008,7078171
0.091,0.149,0.76,7111344
0.837,0.118,0.045,7177986
0.737,0.2169,0.0461,6895024
0.153,0.77,0.077,7094484
0.942,0.057,0.001,7194014
0.814,0.179,0.007,7162723
0.298,0.028,0.674,6936259
0.874,0.121,0.005,7203728
0.12,0.807,0.073,6942662
0.09,0.092,0.818,6838697
0.047,0.877,0.076,7030776
0.129,0.789,0.082,7078228
0.16,0.815,0.025,6811973
0.874,0.1,0.026,6909762
0.975,0.02,0.005,6919773
0.88,0.101,0.019,7231322
0.091,0.254,0.655,7200323
0.982,0.013,0.005,7020691
0.952,0.041,0.007,6957846
0.73,0.169,0.101,6942180
0.238,0.753,0.009,6813847
0.89,0.076,0.034,6878391
0.851,0.134,0.015,7121373
0.893,0.078,0.029,7510966
0.09983333333333334,0.109,0.7911666666666666,7065543
0.297,0.696,0.007,6842206
0.949,0.05,0.001,6854567
0.809,0.182,0.009,7063715
1.0,0.0,0.0,6905904
0.881,0.097,0.022,7132576
0.7814,0.1636,0.055,6879739
0.981,0.019,0.0,6822384
0.962,0.026,0.012,6835388
0.923,0.063,0.014,7185849
0.7998,0.171,0.0292,6850200
0.304,0.681,0.015,7002119
0.711,0.21108333333333335,0.07791666666666668,6812870
0.131,0.794,0.075,7168077
0.907,0.077,0.016,7097850
0.356,0.627,0.017,6962061
0.9017999999999999,0.0772,0.021,6919997
0.185,0.793,0.022,6894979
0.85,0.107,0.043,7026543
0.933,0.058,0.009,7154744
0.966,0.028,0.006,7027636
0.972,0.024,0.004,6928535
0.846,0.129,0.025,7060191
0.863,0.131,0.006,7194845
0.987,0.013,0.0,7046792
0.915,0.075,0.01,7013355
0.858,0.14,0.002,6820643
0.096,0.181,0.723,7152520
0.972,0.026,0.002,6909334
0.867,0.102,0.031,6931636
0.268,0.713,0.019,6920076
0.95,0.045,0.005,6848468
0.802,0.125,0.073,6888755
0.935,0.06,0.005,6952522
0.959,0.032,0.009,7116250
0.816,0.16566666666666666,0.018333333333333333,6879782
0.943,0.049,0.008,7223150
0.943,0.05,0.007,6823639
0.977,0.023,0.0,6906510
0.183,0.777,0.04,7132216
0.853,0.087,0.06,6990255
0.987,0.009,0.004,6812493
0.196,0.7574166666666666,0.04658333333333334,7193554
0.112,0.868,0.02,7102663
0.977,0.016,0.007,6897548
0.972,0.024,0.004,7187428
0.933,0.06,0.007,7088929
0.186,0.779,0.035,7003737
0.316,0.665,0.019,7081733
0.8496666666666667,0.07033333333333334,0.08,6832159
0.899,0.087,0.014,7109399
0.948,0.036,0.016,6997505
0.991,0.004,0.005,7138448
0.244,0.126,0.63,7209675
0.9205,0.0675,0.012,7171005
0.984,0.016,0.0,6899259
0.279,0.699,0.022,7019651
0.981,0.014,0.005,6912405
0.951,0.041,0.008,7166267
0.18683333333333335,0.7282000000000001,0.08496666666666666,7161606
0.859,0.111,0.03,7117765
0.962,0.031,0.007,7007647
0.91,0.078,0.012,6906441
0.975,0.024,0.001,6960696
0.969,0.031,0.0,7166234
0.903,0.088,0.009,6911141
0.302,0.685,0.013,6825884
0.954,0.044,0.002,6855027
0.111,0.8679166666666667,0.021083333333333336,6980774
0.128,0.09,0.782,7227544
0.7557142857142858,0.12628571428571428,0.118,7051963
0.95685,0.036,0.00715,6941377
0.977,0.015,0.008,7017936
0.9865,0.0115,0.002,6973923
0.257,0.731,0.012,7145792
0.965,0.028,0.007,7006070
0.781,0.135,0.084,6957564
0.903,0.089,0.008,7216534
0.984,0.015,0.001,6961592
0.923,0.064,0.013,7195180
0.8705,0.1025,0.027,7155224
0.758,0.238,0.004,7175540
0.148,0.819,0.033,6933110
0.089,0.807,0.104,7120608
0.992,0.008,0.0,6836466
0.971,0.028,0.001,7108030
0.915,0.07,0.015,7124352
0.717,0.108,0.175,7044730
0.361,0.631,0.008,6993226
0.822,0.134,0.044,7172380
0.994,0.006,0.0,7101389
0.9286666666666668,0.06433333333333334,0.007,6947813
0.992,0.006,0.002,7046583
0.993,0.005,0.002,6863636
0.972,0.026,0.002,7225758
0.928,0.046,0.026,6934309
0.988,0.008,0.004,6929076
0.015,0.811,0.174,7135003
0.998,0.002,0.0,7207938
0.776,0.133,0.091,6920053
0.241,0.747,0.012,6866797
0.934,0.06,0.006,7058911
0.857,0.104,0.039,7043543
0.9,0.1,0.0,7153230
0.94,0.051,0.009,7179918
0.264,0.716,0.02,7140791
0.882,0.105,0.013,7004732
0.093,0.081,0.826,6865020
0.16233333333333333,0.8286666666666667,0.009,7176236
0.954,0.042,0.004,7053371
0.9,0.075,0.025,6825677
0.963,0.037,0.0,6864275
0.156,0.765,0.079,7094211
0.189,0.11,0.701,7105954
0.933,0.057,0.01,7144001
0.1025,0.209,0.6885,7088087
0.252,0.736,0.012,6922773
0.038,0.8434,0.11860000000000002,7221388
0.992,0.008,0.0,7156263
0.2045,0.7465,0.049,7072502
0.992,0.006,0.002,7120444
0.874,0.117,0.009,6987122
0.295,0.701,0.004,6964015
0.82875,0.053,0.11825,7022949
0.993,0.007,0.0,7231370
0.7375,0.087,0.1755,6852599
0.234,0.738,0.028,6983368
0.249,0.723,0.028,6940531
0.141,0.14975,0.70925,6850249
0.83,0.112,0.058,7223139
0.10433333333333333,0.753,0.1426666666666667,6879118
0.899,0.087,0.014,7191480
0.8886666666666667,0.10133333333333334,0.01,7129549
0.931,0.052,0.017,6909993
0.991,0.009,0.0,6999283
0.99,0.008,0.002,7106343
0.761,0.158,0.081,6978343
0.152,0.782,0.066,7181466
0.14425,0.794,0.06175,7050169
0.911,0.079,0.01,7005606
0.867,0.119,0.014,6856898
0.951,0.045,0.004,7098655
0.988,0.011,0.001,7192015
0.762,0.175,0.063,6885632
0.911,0.078,0.011,7007690
0.969,0.028,0.003,7205018
0.954,0.04,0.006,7152901
0.176,0.11158333333333333,0.7124166666666666,7186327
0.125,0.211,0.664,6833004
0.976,0.021,0.003,7127460
0.3476666666666667,0.6473333333333333,0.005,6974118
0.939,0.06,0.001,6988307
0.758,0.205,0.037,7144679
0.233,0.728,0.039,6930165
0.981,0.014,0.005,6914581
0.986,0.013,0.001,7144465
0.99,0.009,0.001,7046193
0.981,0.017,0.002,6923719
0.169,0.759,0.072,6888004
0.21975,0.74125,0.039,6971761
0.911,0.074,0.015,6823403
0.872,0.1,0.028,6968134
0.983,0.017,0.0,7036100
0.96,0.037,0.003,7137658
0.971,0.027,0.002,7139614
0.974,0.023,0.003,7219291
1.0,0.0,0.0,7059906
0.974,0.025,0.001,7188584
0.343,0.652,0.005,7126660
0.947,0.048,0.005,7145933
0.983,0.013,0.004,7231223
0.249,0.718,0.033,6881962
0.996,0.004,0.0,6818001
0.1535,0.17408333333333334,0.6724166666666667,6935156
0.132,0.799,0.069,6941400
0.805,0.175,0.02,7103395
0.07,0.73,0.2,6844930
0.341,0.658,0.001,6981613
0.382,0.614,0.004,6934604
0.989,0.011,0.0,6847722
0.901,0.076,0.023,7182222
0.866,0.116,0.018,6988536
0.922,0.068,0.01,7173026
0.146,0.195,0.659,6974883
0.0775,0.727,0.1955,7083958
0.193,0.784,0.023,6917898
0.04,0.129,0.831,6994990
0.969,0.026,0.005,6876775
0.8413999999999999,0.1416,0.017,7142669
0.893,0.079,0.028,7162793
0.218,0.738,0.044,6938683
0.884,0.088,0.028,7045172
0.2595,0.7035,0.037,6849526
0.927,0.064,0.009,7050301
0.972,0.027,0.001,7051803
0.224,0.754,0.022,6971823
0.95,0.043,0.007,6900110
0.113,0.8175,0.0695,7144445
0.181,0.756,0.063,6934015
0.981,0.018333333333333333,0.0006666666666666666,7188181
0.991,0.009,0.0,6935271
0.315,0.673,0.012,7204955
0.2,0.765,0.035,7032736
0.877,0.093,0.03,7044704
0.934,0.059,0.007,7204371
0.875,0.111,0.014,7131075
0.922,0.064,0.014,7066020
0.874,0.087,0.039,7211267
0.957,0.033,0.01,7142486
0.923,0.057,0.02,7037953
0.209,0.769,0.022,6833276
0.758,0.18458333333333335,0.057416666666666664,6895169
0.236,0.74325,0.02075,7067983
0.993,0.006,0.001,7055616
0.147,0.838,0.015,6958697
0.964,0.031,0.005,7205103
0.998,0.002,0.0,7128969
0.236,0.721,0.043,7008688
0.274,0.693,0.033,7225417
0.838,0.124,0.038,7158697
0.909,0.083,0.008,7224063
0.8,0.175,0.025,6832754
0.973,0.024,0.003,6924609
0.988,0.011,0.001,7229731
0.827,0.157,0.016,6881652
0.209,0.766,0.025,6987914
0.037,0.118,0.845,6936745
0.95,0.048,0.002,7081039
0.813,0.1188,0.0682,7150508
0.884,0.115,0.001,6959853
0.206,0.762,0.032,7154324
0.952,0.046,0.002,7218427
0.023,0.942,0.035,7167394
0.182,0.738,0.08,7113849
0.221,0.755,0.024,7093035
0.857,0.056,0.087,7062673
0.161,0.835,0.004,7000309
0.9505,0.0395,0.01,7224582
0.12,0.164,0.716,6894147
0.274,0.713,0.013,7113023
0.837,0.11,0.053,6876392
0.933,0.06,0.007,7224157
0.916,0.0695,0.0145,6863188
0.305,0.69,0.005,7102235
0.933,0.057,0.01,7143934
0.106,0.81,0.084,6970268
0.979,0.02,0.001,7071983
0.144,0.789,0.067,7072398
0.9225,0.062,0.0155,7224429
0.893,0.093,0.014,7035432
0.838,0.125,0.037,6996631
0.949,0.037,0.014,7019154
0.848,0.141,0.011,7036992
0.982,0.014,0.004,7106256
0.912,0.064,0.024,7601226
0.119,0.15,0.731,7001864
0.288,0.697,0.015,6988464
0.997,0.003,0.0,6937374
0.988,0.012,0.0,7138758
0.988,0.009,0.003,7123633
0.217,0.106,0.677,6840676
0.226,0.757,0.017,6844568
0.948,0.05,0.002,7083587
0.83,0.14083333333333334,0.029166666666666667,7187714
0.843,0.103,0.054,7184957
0.989,0.008,0.003,7046846
0.958,0.04,0.002,7065823
0.914,0.073,0.013,6822450
0.923,0.071,0.006,6970290
0.9336,0.052,0.0144,7019345
0.969,0.022,0.009,6822713
0.928,0.07,0.002,7000326
0.9465,0.0415,0.012,7143993
0.808,0.147,0.045,6919220
0.886,0.103,0.011,6932709
0.979,0.018,0.003,7083977
0.819,0.167,0.014,7220936
0.963,0.028,0.009,7220551
0.919,0.07,0.011,7028919
0.925,0.064,0.011,6866267
0.975,0.013,0.012,7013271
0.911,0.072,0.017,6906183
0.994,0.005,0.001,7168489
0.962,0.028,0.01,6866476
0.926,0.066,0.008,6861561
0.961,0.031,0.008,7081328
0.839,0.146,0.015,6825104
0.027,0.057,0.916,6930312
0.242,0.748,0.01,7227234
0.884,0.093,0.023,6912523
0.027,0.073,0.9,7024743
0.875,0.087,0.038,6880239
0.214,0.762,0.024,6927008
0.884,0.095,0.021,6829212
0.981,0.019,0.0,7167736
0.988,0.009,0.003,7114580
0.925,0.055,0.02,6853924
0.93,0.053,0.017,6964295
0.881,0.105,0.014,6896770
0.958,0.039,0.003,6825716
0.954,0.037,0.009,7225224
0.784,0.202,0.014,7170628
0.775,0.142,0.083,7208652
0.979,0.02,0.001,6951966
0.295,0.69,0.015,7014153
0.88,0.114,0.006,7189011
0.231,0.746,0.023,6831242
0.74,0.176,0.084,7001705
0.783,0.217,0.0,6826740
0.869,0.102,0.029,7231638
0.977,0.022,0.001,6879753
0.22,0.756,0.024,6840635
0.987,0.011,0.002,7004946
0.8959166666666667,0.07708333333333332,0.027,7005771
0.971,0.028,0.001,7148760
0.912,0.086,0.002,6911492
0.967,0.014,0.019,6934498
0.797,0.176,0.027,6849377
0.092,0.8605833333333333,0.04741666666666666,6943233
0.963,0.034,0.003,7037617
0.846,0.127,0.027,6861367
0.998,0.002,0.0,7009385
0.211,0.775,0.014,6948508
0.32183333333333336,0.6691666666666667,0.009,6938508
0.994,0.006,0.0,6936602
0.08,0.09533333333333333,0.8246666666666668,6832956
0.822,0.171,0.007,7017263
0.9643333333333333,0.03166666666666667,0.004,6930306
0.19,0.757,0.053,7080289
0.916,0.076,0.008,6921578
0.998,0.002,0.0,6888636
0.106,0.129,0.765,7056141
0.879,0.098,0.023,7072351
0.159,0.82,0.021,6815121
0.969,0.023,0.008,7089058
0.949,0.042,0.009,7082323
0.218,0.086,0.696,6918262
0.256,0.7296,0.0144,7074402
0.976,0.015,0.009,7014065
0.34,0.656,0.004,7018469
0.924,0.065,0.011,7124247
0.7575,0.1603,0.08220000000000001,7309872
0.996,0.003,0.001,6984417
0.96,0.034,0.006,7010613
0.938,0.054,0.008,7074586
0.157,0.771,0.072,7132582
0.995,0.005,0.0,6925850
0.961,0.034,0.005,6882158
0.8143333333333334,0.14533333333333334,0.04033333333333334,7080230
0.921,0.076,0.003,6859496
0.238,0.09,0.672,7132755
0.211,0.763,0.026,6979621
0.807,0.152,0.041,6833430
0.888,0.078,0.034,7212007
0.987,0.012,0.001,7212876
0.897,0.088,0.015,7141603
0.991,0.008,0.001,7128129
0.921,0.064,0.015,6826235
0.966,0.028,0.006,6890498
0.178,0.758,0.064,7051863
0.235,0.751,0.014,6869364
0.9846666666666666,0.011333333333333334,0.004,7144860
0.923,0.056,0.021,7071163
0.887,0.094,0.019,7195094
0.907,0.08,0.013,7003934
0.089,0.848,0.063,6845248
0.837,0.14,0.023,6848131
0.141,0.8289166666666667,0.030083333333333337,6975529
0.775,0.165,0.06,6896185
0.978,0.018,0.004,7166486
0.181,0.777,0.042,6906400
0.861,0.123,0.016,7223218
0.171,0.807,0.022,6825563
0.852,0.085,0.063,7052462
0.139,0.768,0.093,7164045
0.989,0.007,0.004,6998871
0.977,0.016,0.007,6881197
0.859,0.114,0.027,6964787
0.949,0.043,0.008,6895809
0.825,0.144,0.031,6953363
0.697,0.287,0.016,7140537
0.995,0.005,0.0,6875254
0.813,0.135,0.052,7184923
0.88,0.1,0.02,7170302
0.8311666666666666,0.1438333333333333,0.025,7105055
0.909,0.077,0.014,7186506
0.264,0.72,0.016,7137687
0.858,0.107,0.035,7541383
0.8691666666666668,0.09083333333333335,0.04,6946967
0.9527142857142856,0.04128571428571429,0.006,7208082
0.888,0.105,0.007,6954417
0.932,0.062,0.006,7175472
0.48688571428571403,0.073,0.44011428571428585,7111221
0.221,0.755,0.024,7104637
0.933,0.053,0.014,7102288
0.975,0.018,0.007,7107859
0.229,0.756,0.015,7118452
0.202,0.752,0.046,7196053
0.286,0.706,0.008,7167512
0.99,0.008,0.002,7094701
0.967,0.032,0.001,6908017
0.969,0.025,0.006,6812223
0.97,0.025,0.005,7012666
0.094,0.745,0.161,6814921
0.996,0.004,0.0,7009610
0.284,0.691,0.025,7081756
0.9174,0.066,0.0166,6886946
0.8776,0.092,0.0304,6880528
0.956,0.039,0.005,6899935
0.209,0.748,0.043,6958499
0.784,0.167,0.049,6831859
0.084,0.716,0.2,6887828
0.871,0.101,0.028,7024998
0.998,0.002,0.0,6924542
0.952,0.042,0.006,7133236
0.918,0.069,0.013,7176402
0.993,0.007,0.0,7181236
0.984,0.014,0.002,6906771
0.872,0.092,0.036,7037927
0.911,0.07,0.019,6864953
0.819,0.128,0.053,6834526
0.176,0.788,0.036,7052568
0.181,0.704,0.115,6952698
0.988,0.011,0.001,7078056
0.928,0.06,0.012,7184848
0.885,0.096,0.019,6815426
0.1991,0.7778999999999999,0.023,6943679
0.894,0.097,0.009,6838145
0.95,0.046,0.004,7028073
0.956,0.039,0.005,7060000
0.997,0.003,0.0,7163227
0.868,0.088,0.044,7171973
0.03,0.656,0.314,7150599
0.879,0.101,0.02,6904019
0.203,0.722,0.075,6960683
0.943,0.051,0.006,6960065
0.736,0.204,0.06,6986918
0.08725,0.861,0.05175,6970006
0.062,0.8240547619047617,0.11394523809523807,6911763
0.907,0.082,0.011,6975178
0.353,0.639,0.008,6863217
0.956,0.032,0.012,6836515
0.5035321428571428,0.059,0.4374678571428573,6859257
0.992,0.004,0.004,7077240
0.237,0.736,0.027,7178051
0.122,0.711,0.167,7113717
0.947,0.037,0.016,6874246
0.805,0.117,0.078,7062134
0.156,0.037,0.807,7014915
0.269,0.717,0.014,7216667
0.9755,0.0185,0.006,7073535
0.887,0.098,0.015,6905849
0.967,0.026,0.007,6915907
0.798,0.181,0.021,7172614
0.883,0.1,0.017,7011725
0.822,0.111,0.067,7166867
0.109,0.787,0.104,7227446
0.826,0.138,0.036,7083254
0.158,0.816,0.026,6937744
0.9,0.072,0.028,6819509
0.997,0.003,0.0,7089461
0.954,0.032,0.014,6884396
0.056666666666666664,0.086,0.8573333333333333,7065905
0.922,0.068,0.01,7200706
0.971,0.024,0.005,7198896
0.995,0.004,0.001,7167114
0.848,0.121,0.031,7108626
0.131,0.83,0.039,7220567
0.997,0.003,0.0,7075497
1.0,0.0,0.0,6966296
0.033,0.052649999999999995,0.91435,6914857
0.932,0.048,0.02,7159390
0.964,0.031,0.005,7113618
0.144,0.1235,0.7325,6902312
0.983,0.013,0.004,6923703
0.268,0.719,0.013,6940570
0.13,0.795,0.075,7150492
0.1445,0.8233333333333334,0.03216666666666667,6975959
0.994,0.004,0.002,7221771
0.15166666666666664,0.135,0.7133333333333334,6918677
0.125,0.7923333333333333,0.08266666666666667,7105751
0.869,0.11,0.021,7060313
0.93,0.066,0.004,7091751
0.269,0.715,0.016,7060233
0.958,0.036,0.006,7124908
0.31,0.684,0.006,7170736
0.988,0.008,0.004,7152228
0.196,0.772,0.032,7115971
0.862,0.101,0.037,7039051
0.95025,0.04975,0.0,7351989
0.9784285714285714,0.01957142857142857,0.002,7220299
0.995,0.004,0.001,7094600
0.947,0.047,0.006,7147912
0.168,0.79,0.042,6970423
0.966,0.034,0.0,7125573
0.216,0.742,0.042,7181769
0.879,0.109,0.012,6890386
0.959,0.029,0.012,6992471
0.18280000000000002,0.8132,0.004,7132398
0.07166666666666667,0.8046,0.12373333333333333,6969649
0.293,0.705,0.002,7174752
0.996,0.004,0.0,7025454
0.217,0.123,0.66,7076764
0.321,0.671,0.008,6842702
0.975,0.024,0.001,7092371
0.996,0.004,0.0,6931234
0.218,0.777,0.005,7171719
0.167,0.7689333333333334,0.06406666666666666,7178295
1.0,0.0,0.0,7012542
0.79,0.207,0.003,7093878
0.135,0.8236,0.0414,6976344
0.216,0.759,0.025,6893481
0.9925,0.0075,0.0,6828077
0.926,0.063,0.011,6918787
0.9345,0.0545,0.011,6974980
0.083,0.89,0.027,7186249
0.864,0.10025,0.03575,6920455
0.923,0.069,0.008,7079812
0.967,0.033,0.0,6955653
0.214,0.756,0.03,6855283
0.175,0.787,0.038,6843684
0.919,0.069,0.012,6927659
0.922,0.061,0.017,7019817
0.996,0.004,0.0,7073559
0.201,0.757,0.042,6947684
0.9835,0.0165,0.0,7011032
0.7,0.26,0.04,6980461
0.98,0.018,0.002,7112850
0.927,0.064,0.009,6878587
0.993,0.007,0.0,7014555
0.89925,0.082,0.01875,6887977
0.995,0.004,0.001,7077766
0.219,0.679,0.102,6812520
0.299,0.691,0.01,7210186
0.954,0.043,0.003,6891268
0.922,0.063,0.015,7023447
1.0,0.0,0.0,7141811
0.81,0.155,0.035,7294798
0.106,0.83,0.064,7053886
0.94,0.058,0.002,7192564
0.699,0.25854999999999995,0.042449999999999995,6836722
0.934,0.056,0.01,7073176
0.987,0.01,0.003,7011860
0.923,0.068,0.009,6886603
0.171,0.81,0.019,6815584
0.926,0.056,0.018,7218072
0.791,0.148,0.061,7010884
0.941,0.033,0.026,6909599
0.098,0.744,0.158,6995920
0.996,0.003,0.001,6916397
0.814,0.123,0.063,7218838
0.895,0.087,0.018,7193680
0.967,0.022,0.011,7128805
0.172,0.774,0.054,7138925
0.802,0.145,0.053,7219503
0.881,0.103,0.016,6815167
0.942,0.057,0.001,6890087
0.096,0.778,0.126,6857894
0.871,0.094,0.035,6837896
0.987,0.012,0.001,6934946
0.833,0.15,0.017,6941620
0.803,0.128,0.069,6878547
0.936,0.05,0.014,6890059
0.2029,0.7170500000000001,0.08005,6902991
0.886,0.081,0.033,6866456
0.99,0.009,0.001,6944777
0.758,0.161,0.081,6934040
0.66,0.298,0.042,7043075
0.277,0.712,0.011,7214468
0.152,0.815,0.033,6868305
0.18266666666666664,0.11633333333333333,0.701,7033016
0.912,0.079,0.009,7198620
0.983,0.016,0.001,7146248
0.177,0.695,0.128,6889638
0.169,0.167,0.664,7083409
0.156,0.148,0.696,7200522
0.101,0.8476666666666667,0.05133333333333333,7129997
0.167,0.122,0.711,7219312
0.968,0.031,0.001,6888015
0.093,0.809,0.098,6927965
0.291,0.7,0.009,7083274
0.881,0.095,0.024,7156846
0.225,0.738,0.037,7179848
0.193,0.759,0.048,7209183
0.16,0.812,0.028,7200574
0.275,0.713,0.012,6820634
0.114,0.7735,0.1125,6999460
0.9956666666666667,0.003333333333333333,0.001,6992643
0.233,0.734,0.033,7096174
0.75,0.181,0.069,7443610
0.178,0.775,0.047,7162124
0.897,0.087,0.016,6813319
0.956,0.037,0.007,7062391
0.94,0.057,0.003,7031283
0.199,0.773,0.028,6927036
0.164,0.817,0.019,6931825
0.91975,0.06925,0.011,6902029
0.911,0.079,0.01,6864072
0.897,0.095,0.008,6994984
0.963,0.027,0.01,7209605
0.108,0.112,0.78,7216490
0.9114285714285715,0.06857142857142857,0.02,6872086
0.039,0.036,0.925,6843255
0.911,0.078,0.011,6920089
0.965,0.022,0.013,6963951
0.976,0.022,0.002,7148782
0.986,0.012,0.002,6985077
0.15258333333333335,0.8234166666666668,0.024,6945816
0.792,0.204,0.004,7055097
0.941,0.052,0.007,7051810
0.941,0.05,0.009,6857989
0.867,0.103,0.03,6885719
0.03,0.116,0.854,7132832
0.97,0.028,0.002,7007754
0.131,0.849,0.02,7140112
0.173,0.823,0.004,7197783
0.993,0.007,0.0,6909299
0.76,0.085,0.155,6923239
0.9045,0.0765,0.019,6854948
0.183,0.108,0.709,6868577
0.063,0.6972,0.2398,6970169
0.915,0.039,0.046,7100775
0.177,0.779,0.044,6986522
0.988,0.011,0.001,7121969
0.984,0.015,0.001,6868810
0.198,0.7525,0.0495,7192806
0.8658333333333333,0.12016666666666666,0.014,6966823
0.985,0.014,0.001,6837459
0.977,0.018,0.005,6989207
0.219,0.759,0.022,6997100
0.961,0.039,0.0,7001113
0.077,0.736,0.187,7093631
0.904,0.093,0.003,7006846
0.935,0.057,0.008,7064177
0.97,0.028,0.002,6868530
0.0305,0.0674,0.9021000000000001,6812855
0.975,0.023,0.002,6916149
0.08,0.09,0.83,7121412
0.939,0.044,0.017,7225668
0.966,0.031,0.003,6984953
0.322,0.667,0.011,7030838
0.059,0.074,0.867,7093234
0.94,0.052,0.008,6906763
0.0174,0.6799333333333334,0.3026666666666667,6850392
0.997,0.002,0.001,6961969
0.949,0.048,0.003,7037089
0.31366666666666665,0.6853333333333333,0.001,7047660
0.972,0.023,0.005,7228844
0.108,0.811,0.081,6938965
0.86,0.119,0.021,7096411
0.906,0.0525,0.0415,7186936
0.3,0.691,0.009,7161251
0.824,0.11,0.066,6873366
0.157,0.066,0.777,6838241
0.029,0.015,0.956,7033161
0.902,0.081,0.017,7136465
0.983,0.015,0.002,7029203
0.838,0.149,0.013,7002389
0.937,0.054,0.009,7096079
0.271,0.721,0.008,7184952
0.088,0.1315,0.7805,6888220
0.952,0.04,0.008,6923023
0.925,0.052,0.023,6815278
0.99,0.007,0.003,7100666
0.259,0.095,0.646,7162699
0.94825,0.04175,0.01,7137160
0.92775,0.06825,0.004,7137528
0.968,0.027,0.005,7096504
0.861,0.129,0.01,6908304
0.989,0.01,0.001,6966999
0.938,0.045,0.017,7195790
0.923,0.056,0.021,6973480
0.079,0.28,0.641,7044268
0.963,0.036,0.001,6847181
0.9185,0.07,0.0115,7188696
0.865,0.115,0.02,6916048
0.1,0.117,0.783,6860441
0.115,0.183,0.702,6835473
0.178,0.79,0.032,7065461
0.9805,0.0165,0.003,6838400
0.989,0.011,0.0,7103742
0.16,0.019,0.821,7034249
0.88,0.108,0.012,7026340
0.893,0.093,0.014,7140104
0.8568333333333333,0.11516666666666667,0.028,6881816
0.303,0.687,0.01,6987088
0.913,0.079,0.008,6932885
0.91,0.075,0.015,7072419
0.92675,0.06425,0.009,7254129
0.892,0.079,0.029,6831341
0.95,0.012,0.038,7202888
0.99,0.009,0.001,7226931
0.984,0.013,0.003,6899755
0.918,0.071,0.011,7110780
0.799,0.143,0.058,6839715
0.996,0.004,0.0,6971485
0.972,0.019,0.009,7234311
0.948,0.042,0.01,6832971
0.904,0.084,0.012,7008358
0.17466666666666666,0.7743333333333333,0.051,6839752
0.962,0.034,0.004,7195935
0.952,0.044,0.004,6930276
0.989,0.008,0.003,7189580
0.988,0.009,0.003,6998514
0.921,0.078,0.001,6873788
0.045,0.775,0.18,7076591
0.9316666666666666,0.04933333333333333,0.019,7102015
0.9115,0.0765,0.012,7144112
0.866,0.088,0.046,7448970
0.989,0.011,0.0,7008917
0.195,0.11,0.695,6987933
0.22416666666666668,0.13983333333333334,0.636,7013884
0.955,0.039,0.006,6855061
0.14,0.785,0.075,6938648
0.257,0.714,0.029,7209646
0.98,0.015,0.005,7152948
0.824,0.1346,0.0414,6996123
0.145,0.833,0.022,7217057
0.777,0.193,0.03,6820572
0.222,0.743,0.035,7001874
0.993,0.003,0.004,6963333
0.992,0.003,0.005,7200099
0.994,0.006,0.0,7166081
0.98,0.017,0.003,6937010
0.144,0.823,0.033,6937971
0.906,0.081,0.013,7142067
0.301,0.688,0.011,7162952
0.135,0.83,0.035,6835470
0.975,0.02,0.005,6995601
0.989,0.011,0.0,6859359
0.976,0.021,0.003,6881565
0.933,0.055,0.012,6935752
0.854,0.142,0.004,7024916
0.935,0.0576,0.0074,7041472
0.7701666666666667,0.20983333333333334,0.02,6877072
0.895,0.101,0.004,6985028
0.879,0.099,0.022,7192932
0.183,0.143,0.674,6952847
0.147,0.829,0.024,6940516
0.929,0.071,0.0,7232241
0.94025,0.04675,0.013,7083365
0.957,0.039,0.004,7116044
0.939,0.056,0.005,6981964
0.974,0.025,0.001,7077863
0.942,0.051,0.007,6920358
0.882,0.099,0.019,6906523
0.235,0.754,0.011,6969243
0.984,0.015,0.001,6953710
0.10033333333333333,0.764,0.13566666666666666,7217631
0.874,0.12,0.006,7024482
0.994,0.006,0.0,7051887
0.852,0.123,0.025,7170465
0.841,0.14,0.019,6940894
0.09666666666666666,0.798,0.10533333333333335,7025591
0.92825,0.05875,0.013,6911592
0.11166666666666666,0.796,0.09233333333333332,6959263
0.189,0.167,0.644,6988818
0.96,0.034,0.006,7210717
0.7693333333333334,0.19966666666666666,0.031,7131667
0.7964285714285715,0.173,0.03057142857142857,7069880
0.949,0.0485,0.0025,7130419
0.964,0.028,0.008,6833431
0.10116666666666665,0.867,0.03183333333333333,7044754
0.815,0.168,0.017,6905541
0.925,0.06,0.015,6922139
0.33,0.667,0.003,6925359
0.993,0.005,0.002,6833843
0.8905,0.0985,0.011,6927452
0.864,0.119,0.017,6921494
0.989,0.01,0.001,6986124
0.886,0.111,0.003,7171421
0.158,0.129,0.713,6932738
0.966,0.034,0.0,6885741
0.913,0.074,0.013,7182479
0.851,0.12,0.029,6967265
0.247,0.727,0.026,7011826
0.809,0.184,0.007,7049813
0.153,0.799,0.048,7121460
0.968,0.028,0.004,6965777
0.914,0.072,0.014,7193809
0.985,0.015,0.0,7095030
0.133,0.7463333333333334,0.12066666666666667,7117002
0.939,0.056,0.005,6920438
0.89,0.094,0.016,7062684
1.0,0.0,0.0,7198551
0.848,0.13,0.022,6881922
0.186,0.137,0.677,7126932
0.827,0.1,0.073,7206098
0.823,0.162,0.015,7206690
0.244,0.699,0.057,7092765
0.964,0.025,0.011,7218704
0.915,0.073,0.012,7591867
0.988,0.011,0.001,7100966
0.092,0.792,0.116,6954233
0.8732000000000001,0.0878,0.039,7049951
0.932,0.065,0.003,6918104
0.22573333333333334,0.10626666666666666,0.668,7158492
0.957,0.032,0.011,7022513
0.215,0.7425,0.0425,7076648
0.825,0.12,0.055,6907908
0.096,0.145,0.759,7199549
0.956,0.04,0.004,7081374
0.076,0.084,0.84,7116126
0.346,0.642,0.012,7113494
0.219,0.756,0.025,6873480
0.676,0.3,0.024,7063286
0.127,0.842,0.031,6968323
0.353,0.644,0.003,6860739
0.968,0.029,0.003,7119505
0.711,0.275,0.014,6844339
0.973,0.025,0.002,6828089
0.979,0.013,0.008,7067588
0.973,0.024,0.003,6989053
0.876,0.0925,0.0315,7180825
0.987,0.009,0.004,7050931
0.74,0.232,0.028,6941049
0.856,0.11133333333333333,0.03266666666666666,7072045
0.861,0.118,0.021,7136053
0.149,0.84,0.011,7021644
0.878,0.105,0.017,6815709
0.273,0.704,0.023,6984551
0.162,0.804,0.034,6855186
0.99,0.009,0.001,7122387
0.14533333333333334,0.8336666666666667,0.021,6921958
0.245,0.742,0.013,7078864
0.73,0.225,0.045,6941539
0.8175,0.1365,0.046,7012060
0.893,0.084,0.023,7146687
0.122,0.829,0.049,6938510
0.937,0.055,0.008,7223841
0.902,0.086,0.012,7001152
0.106,0.155,0.739,6838546
0.982,0.013,0.005,7009489
0.972,0.023,0.005,7019476
0.889,0.089,0.022,7011739
0.929,0.011,0.06,7040403
0.925,0.06,0.015,6848313
0.098,0.8063333333333333,0.09566666666666668,6906894
0.148,0.763,0.089,7137816
0.983,0.012,0.005,6980109
0.291,0.701,0.008,7079802
0.941,0.048,0.011,6820354
0.986,0.01,0.004,7120523
0.986,0.013,0.001,6991766
0.971,0.029,0.0,7027437
0.997,0.003,0.0,6880915
0.105,0.759,0.136,7028081
0.7845,0.1895,0.026,6900900
0.969,0.026,0.005,6836099
0.968,0.023,0.009,7187089
0.936,0.056,0.008,7100603
0.194,0.779,0.027,7185569
0.831,0.106,0.063,6829526
0.98,0.014,0.006,7200439
0.837,0.13,0.033,7092317
0.145,0.782,0.073,6876534
0.132,0.732,0.136,6869087
0.97475,0.02325,0.002,6821876
0.929,0.058,0.013,7097228
0.135,0.861,0.004,7193696
0.919,0.079,0.002,7004893
0.06,0.104,0.836,7052525
0.087,0.202,0.711,7032846
0.9606,0.0344,0.005,7030795
0.257,0.71,0.033,6931687
0.129,0.827,0.044,7131571
0.282,0.704,0.014,7221666
0.996,0.004,0.0,7136457
0.934,0.055,0.011,7159753
0.984,0.011,0.005,7114701
0.959,0.034,0.007,6906262
0.11,0.146,0.744,6951876
0.099,0.868,0.033,7071227
0.889,0.092,0.019,7147148
0.999,0.001,0.0,6850909
0.942,0.027,0.031,7001731
0.997,0.001,0.002,7088219
0.16333333333333333,0.15033333333333332,0.6863333333333334,7159781
0.905,0.085,0.01,6871134
0.948,0.046,0.006,6979787
0.979,0.019,0.002,6952152
0.961,0.038,0.001,7083396
0.882,0.097,0.021,7088040
0.914,0.063,0.023,6900235
0.975,0.023,0.002,7083974
0.864,0.082,0.054,6932595
0.332,0.668,0.0,6828220
0.745,0.145,0.11,7225541
0.982,0.017,0.001,7226646
0.177,0.789,0.034,7055174
0.798,0.154,0.048,6989332
0.212,0.761,0.027,6927832
0.876,0.101,0.023,6857819
0.996,0.004,0.0,6978137
0.962,0.028,0.01,7202661
0.999,0.001,0.0,7074705
0.906,0.068,0.026,6905691
0.866,0.114,0.02,7023854
0.4565642857142855,0.04,0.5034357142857143,6861705
0.247,0.728,0.025,6963048
0.87975,0.10825,0.012,6902872
0.164,0.792,0.044,7210511
0.887,0.103,0.01,7168769
0.875,0.117,0.008,7175617
0.876,0.094,0.03,6848955
0.926,0.06,0.014,6911452
0.333,0.664,0.003,7077167
0.996,0.002,0.002,7064273
0.255,0.734,0.011,6942093
0.237,0.747,0.016,6922651
0.179,0.779,0.042,6969835
0.971,0.028,0.001,6870161
0.875,0.123,0.002,7192663
0.982,0.017,0.001,6874746
0.95,0.049,0.001,7159912
0.724,0.19466666666666665,0.08133333333333334,7160166
0.327,0.666,0.007,6825790
0.9534666666666666,0.04053333333333333,0.006,7150349
0.912,0.077,0.011,6842225
0.975,0.025,0.0,6960788
0.7,0.2503333333333333,0.049666666666666665,7232848
0.2335,0.7455,0.021,6907308
0.886,0.094,0.02,7220599
0.212,0.767,0.021,7143029
0.886,0.108,0.006,7110576
0.256,0.092,0.652,7157444
0.9466666666666668,0.04833333333333333,0.005,7136149
0.2563333333333333,0.7101666666666667,0.0335,7092075
0.936,0.057,0.007,7083440
0.862,0.122,0.016,6819393
0.989,0.01,0.001,7186672
0.88,0.107,0.013,7124238
0.178,0.119,0.703,6811966
0.781,0.212,0.007,7123493
0.988,0.012,0.0,7203558
0.891,0.086,0.023,7000410
0.92,0.053,0.027,6971821
0.9521666666666666,0.042833333333333334,0.005,7516970
0.821,0.129,0.05,6844003
0.954,0.04,0.006,7212365
0.796,0.176,0.028,7188864
0.866,0.115,0.019,7118703
0.968,0.03,0.002,6979558
0.924,0.066,0.01,6816926
0.058,0.0715,0.8705,6912833
0.219,0.084,0.697,7017188
0.949,0.047,0.004,7215197
0.303,0.692,0.005,6939360
0.065,0.154,0.781,7110212
0.9213333333333333,0.06666666666666667,0.012,6837901
0.837,0.126,0.037,7211925
0.9503333333333333,0.043666666666666666,0.006,7102910
0.169,0.773,0.058,7226828
0.998,0.002,0.0,7202404
0.221,0.076,0.703,6912504
0.14,0.703,0.157,6902536
0.996,0.004,0.0,7156888
0.766,0.108,0.126,6902210
0.768,0.13366666666666666,0.09833333333333334,7093373
0.987,0.011,0.002,6961748
0.209,0.76,0.031,6983051
0.187,0.777,0.036,6887327
0.127,0.804,0.069,7059966
0.876,0.117,0.007,7055099
0.14,0.762,0.098,7127622
0.865,0.078,0.057,6842482
0.959,0.031,0.01,7019294
0.955,0.04,0.005,6884449
0.851,0.1216,0.027399999999999997,7002232
0.982,0.015,0.003,7015080
0.826,0.143,0.031,6816528
0.193,0.793,0.014,7119634
0.985,0.014,0.001,7222899
0.997,0.002,0.001,7090865
0.848,0.127,0.025,6827339
0.993,0.006,0.001,6900045
0.894,0.09,0.016,6869322
0.269,0.701,0.03,6943051
0.824,0.106,0.07,7227139
0.768,0.19466666666666665,0.03733333333333333,6827365
0.135,0.808,0.057,7141299
0.848,0.143,0.009,7134797
0.926,0.063,0.011,6848681
0.269,0.083,0.648,7127186
0.941,0.047,0.012,7016481
0.934,0.065,0.001,7210153
0.922,0.069,0.009,7115968
0.87,0.11,0.02,7044317
0.991,0.006,0.003,7068741
0.98,0.018,0.002,7020073
0.292,0.69,0.018,6886368
0.906,0.085,0.009,7219145
0.1275,0.182,0.6905,6932621
0.174,0.757,0.069,6871293
0.628,0.214,0.158,7218206
0.902,0.084,0.014,6843208
0.129,0.837,0.034,6952867
0.929,0.067,0.004,7030865
0.92,0.062,0.018,6985323
0.965,0.034,0.001,6817444
0.27,0.709,0.021,6926941
0.178,0.793,0.029,6873684
0.105,0.755,0.14,6821828
0.326,0.671,0.003,7021559
0.825,0.159,0.016,7030901
0.911,0.061,0.028,7189990
0.929,0.054,0.017,7233676
0.851,0.11,0.039,7211099
0.116,0.851,0.033,6974151
0.254,0.736,0.01,6991117
0.214,0.761,0.025,7143368
0.158,0.145,0.697,7091554
0.184,0.78,0.036,7154857
0.9132,0.0668,0.02,7197474
0.936,0.054,0.01,7037285
0.991,0.007,0.002,7043231
0.128,0.847,0.025,6911735
0.898,0.078,0.024,7114929
